 [1] ""                                        "=======================================" "Statistic    N   Mean St. Dev. Min Max "
 [4] "---------------------------------------" "vac_bad    1,535 2.1    1.2     1   5  " "vac_ob     1,535 3.6    1.3     1   5  "
 [7] "worry      1,535 0.3    0.5     0   1  " "risk       1,535 2.8    0.8     1   5  " "conspiracy 1,535 0.5    0.5     0   1  "
[10] "nat        1,535 4.1    3.2     0   10 " "h_locus    1,535 6.4    2.6     0   10 " "he_eco     1,535 6.1    2.6     1   11 "
[13] "PTV_L      1,535 2.6    3.5     0   10 " "PTV_5SM    1,535 2.7    3.3     0   10 " "PTV_BOI    1,535 2.5    3.5     0   10 "
[16] "tr_sci     1,535 3.7    1.2     1   5  " "tr_h       1,535 5.2    2.6     0   10 " "pray       1,535 2.1    1.4     1   5  "
[19] "media      1,535 0.5    0.5     0   1  " "sex        1,535 0.5    0.5     0   1  " "age        1,535 47.3   14.9   18   88 "
[22] "educ       1,535 0.8    0.4     0   1  " "reg        1,535 0.4    0.5     0   1  " "eco_insec  1,535 0.5    0.5     0   1  "
[25] "hesitancy  1,535 0.2    0.4     0   1  " "comp       1,535 8.7    1.8    0.0 10.0" "gov        1,535 5.6    2.3    0.0 10.0"
[28] "inst_tr    1,535 4.5    2.5    0.0 10.0" "---------------------------------------"
